2820 -32.25
2896 -24.63
2851 -30.31
2874 -28.19
2918 -22.13
2939 -19.50
2962 -16.38
2983 -12.31
3006 -7.56
3027 -0.75
3048 3.06
3070 5.63
3092 7.56
3115 9.81
3136 13.50
3158 16.00
3179 18.31
3202 19.75
3224 20.19
3247 20.44
3268 21.31
3290 22.88
3312 24.94
3334 27.31
3356 30.13
3378 34.63
3399 37.25
3421 39.75
3442 42.44
3465 45.13
3489 47.69
3511 48.38
3532 48.56
3555 47.94
3577 46.50
3599 42.94
3620 39.69
3642 35.50
3664 30.81
3686 25.88
3707 18.25
3729 13.31
3750 8.94
3773 5.25
3794 2.13
3817 -0.38
3838 -3.56
3860 -5.31
3881 -6.69
3904 -7.88
3927 -9.13
3948 -11.25
3970 -12.81
3991 -14.44
4014 -16.19
4035 -18.06
4058 -20.13
4079 -23.63
4101 -26.19
4122 -27.88
4149 -26.88
4170 -25.31
4192 -24.75
4214 -25.06
4236 -25.13
4257 -25.00
4279 -24.56
4300 -23.94
4323 -22.94
4344 -21.06
4367 -18.19
4388 -14.56
4410 -8.69
4431 -6.00
4454 -5.13
4476 -5.50
4499 -6.25
4520 -7.38
4542 -7.81
4564 -7.88
4586 -7.69
4609 -7.56
4630 -7.13
4652 -6.63
4673 -5.63
4695 -3.69
4717 -1.19
4739 1.75
4760 7.19
4782 11.69
4810 18.63
4832 22.69
4854 26.38
4877 29.81
4899 32.69
4921 34.69
4942 34.63
4965 34.06
4986 33.81
5009 34.19
5030 35.50
5052 35.88
5073 35.50
5095 34.75
5117 33.75
5139 32.81
5160 32.88
5182 34.31
5204 36.38
5227 38.81
5250 41.06
5271 43.88
5293 46.13
5315 48.38
5337 50.13
5359 51.13
5381 52.31
5402 53.31
5424 54.69
5445 56.19
5470 57.50
5491 59.44
5513 60.94
5534 62.50
5557 63.88
5579 65.06
5601 65.69
5622 64.94
5644 63.44
5666 61.50
5688 58.94
5710 56.13
5732 51.75
5753 48.44
5776 44.69
5797 41.00
5820 37.56
5841 32.75
5863 29.75
5884 26.69
5907 23.69
5929 20.81
5951 18.06
5972 14.56
5994 12.19
6017 9.56
6038 6.69
6061 4.19
6082 1.50
6104 0.50
6128 -0.56
6150 -2.25
6172 -5.63
6194 -7.88
6215 -10.00
6237 -12.06
6259 -14.13
6282 -16.13
6303 -19.13
6325 -20.94
6346 -21.94
6369 -22.88
6390 -24.13
6412 -27.13
6433 -32.44
6455 -35.69
6477 -38.31
6499 -40.63
6521 -42.81
6543 -46.00
6564 -48.00
6586 -49.94
6608 -51.75
6631 -53.50
6652 -55.88
6674 -57.00
6695 -57.81
6718 -58.38
6739 -58.69
6764 -58.63
6786 -58.25
6807 -57.63
6830 -56.75
6851 -55.56
6873 -53.00
6894 -50.69
6916 -48.00
6937 -44.69
6960 -40.94
6982 -37.00
7004 -31.31
7025 -27.94
7047 -24.88
7069 -22.13
7091 -19.38
7113 -16.50
7135 -12.13
7156 -9.31
7179 -6.56
7200 -3.88
7223 -1.06
7244 3.13
7266 5.81
7287 8.31
7310 10.44
7332 12.25
7354 14.69
7375 16.25
7400 18.00
7422 19.81
7444 21.81
7465 24.38
7487 25.88
7510 27.63
7532 29.56
7554 32.19
7575 37.44
7597 41.81
7619 46.13
7641 50.19
7663 54.06
7685 59.94
7706 64.00
7728 67.94
7749 71.25
7772 73.94
7793 76.00
7815 77.94
7836 78.94
7858 79.94
7880 80.75
7902 80.94
7924 80.38
7946 78.19
7967 75.94
7989 72.94
8011 68.94
8034 63.56
8058 54.50
8081 48.94
8102 43.44
8125 37.81
8146 29.19
8168 23.69
8189 18.75
8212 14.69
8235 11.69
8256 7.88
8278 4.94
8299 1.56
8322 -1.81
8343 -5.00
8365 -7.50
8386 -10.75
8408 -13.00
8430 -15.25
8452 -17.25
8474 -19.00
8496 -21.19
8517 -22.56
8539 -24.06
8561 -25.56
8584 -26.94
8605 -28.13
8627 -30.00
8648 -31.44
8671 -32.88
8692 -34.13
8717 -35.69
8738 -36.44
8760 -37.19
8782 -37.75
8804 -37.88
8826 -37.44
8848 -34.94
8869 -31.31
8891 -26.06
8913 -19.56
8936 -12.19
8957 -0.88
8979 6.13
9000 12.19
9023 17.31
9044 21.94
9066 26.38
9088 32.75
9109 36.69
9132 40.38
9153 44.06
9176 47.56
9197 52.63
9219 55.88
9240 59.06
9263 62.31
9285 65.56
9308 68.69
9329 72.94
9353 75.19
9375 76.63
9398 77.25
9419 77.69
9441 77.94
9463 78.19
9486 78.44
9507 78.75
9529 79.13
9550 79.44
9573 79.63
9594 79.88
9617 80.13
9638 80.75
9660 81.00
9682 80.81
9704 80.31
9726 79.25
9748 77.13
9769 72.06
9791 67.81
9814 63.06
9836 58.06
9858 52.69
9879 44.31
9901 39.13
9923 34.63
9945 30.56
9967 26.38
9989 19.88
10014 15.88
10037 12.44
10058 9.50
10080 4.94
10101 1.56
10124 -1.94
10146 -5.56
10169 -9.00
10190 -13.31
10212 -15.69
10234 -18.00
10256 -20.19
10278 -22.13
10300 -24.69
10321 -26.38
10343 -27.88
10365 -29.38
10388 -30.69
10409 -32.19
10431 -32.94
10452 -33.38
10475 -33.81
10497 -34.38
10519 -34.81
10541 -35.31
10562 -35.69
10584 -36.00
10605 -36.06
10630 -35.50
10651 -34.06
10673 -31.19
10694 -26.38
10717 -20.00
10740 -12.69
10762 -2.00
