2820 -32.25
2896 -24.63
2851 -30.31
2874 -28.19
2918 -22.13
2939 -19.50
2962 -16.38
2983 -12.31
3006 -7.56
3027 -0.75
3048 3.06
3070 5.63
3092 7.56
3115 9.81
3136 13.50
3158 16.00
3179 18.31
3202 19.75
3224 20.19
3247 20.44
3268 21.31
3290 22.88
3312 24.94
3334 27.31
3356 30.13
3378 34.63
3399 37.25
3421 39.75
3442 42.44
3465 45.13
3489 47.69
3511 48.38
3532 48.56
3555 47.94
3577 46.50
3599 42.94
3620 39.69
3642 35.50
3664 30.81
3686 25.88
3707 18.25
3729 13.31
3750 8.94
3773 5.25
3794 2.13
3817 -0.38
3838 -3.56
3860 -5.31
3881 -6.69